-0.56 0.37 -0.17 1.21 0.86 1.64 -1.58 -1.78 -0.38 -1.17 0.04 0.49 -0.89 1.38 0.44 -1.58 0.75 -1.57 -1.49 1.67 -0.11 -1.02 -1.22
1.29 -1.24 0.31 -1.13 -1.5 1.43 0.08 -1.85 -1.89 -1.28 -0.44 -0.72 -2.04 -1.93 -1.24 1.23 1.65 -0.66 -0.14 1.2 -0.7 0.36 1.53
0.68 1.69 1.57 0.49 2.01 -0.87 0.08 1.73 1.74 -1.11 0.8 0.32 -0.45 -1.1 1.49 -0.49 -0.19 -0.41 -1.44 -0.98 -1.48 -0.74 -0.98
-1.52 -2.06 -0.52 -3.89 3.13 1.94 -1.77 -3.88 -0.57 1.14 -3.81 2.57 -1.88 -0.38 -3.86 -3.72 -1.39 0.02 -1.0 -0.34 -0.46 2.73 -1.89
-0.39 0.15 0.11 1.58 0.48 1.98 -1.75 -1.32 0.05 -0.79 0.36 0.91 -0.65 0.93 0.76 -1.98 0.31 -1.99 -1.63 1.62 -0.55 -0.91 -1.61
0.17 0.2 0.07 1.16 0.85 1.7 -2.17 -2.53 -0.67 -0.53 0.75 0.87 -1.42 1.85 0.04 -2.28 0.41 -1.43 -1.23 1.22 0.28 -1.15 -0.94
-0.13 0.44 -0.41 1.63 0.71 1.91 -2.23 -2.49 -0.86 -0.74 0.08 0.45 -0.71 2.02 0.56 -1.64 0.76 -1.44 -1.26 1.22 0.43 -0.71 -1.28
-2.03 -2.01 0.39 -0.55 -1.37 1.24 -1.93 -2.12 0.26 1.0 0.3 0.53 0.88 1.96 -1.72 -0.05 -1.33 0.15 2.32 0.25 -1.33 0.91 -0.16
1.92 -1.28 0.6 -1.87 -1.03 1.29 0.2 -1.06 -2.15 -1.51 -0.39 -0.67 -1.93 -2.15 -1.72 0.99 1.56 -0.58 0.34 1.66 -0.8 0.77 1.28
0.44 1.58 0.94 1.03 2.92 -0.82 0.72 1.63 1.62 -2.05 1.07 0.16 -1.02 -1.03 2.03 -0.42 0.44 -0.71 -0.92 -0.83 -2.07 0.14 -0.41
1.68 -0.8 0.17 -1.36 -1.57 1.48 0.12 -1.34 -2.62 -1.63 -0.07 -1.18 -2.27 -2.44 -1.55 1.14 1.76 0.07 -0.15 0.8 -0.21 0.97 1.32
0.58 1.28 1.81 0.86 1.97 -0.7 -0.33 2.01 1.79 -0.68 0.91 0.15 -0.78 -0.77 1.6 -0.84 -0.42 -0.78 -1.43 -1.23 -1.03 -0.76 -0.84
0.54 2.1 1.78 0.38 2.82 -0.71 0.67 1.78 1.75 -2.03 0.6 0.33 -0.18 -1.75 1.76 -0.14 0.32 -0.37 -1.18 -0.83 -1.75 -0.38 -1.19
0.22 1.43 1.18 0.76 1.69 -0.46 0.13 1.81 2.09 -1.38 0.77 0.37 -0.91 -1.53 1.07 -0.76 -0.4 -0.24 -1.52 -0.79 -1.66 -0.37 -1.26
0.77 -1.28 0.04 -0.2 -2.03 1.44 -0.66 -1.46 -1.66 -1.53 -1.9 0.72 -1.4 -1.23 -1.36 0.01 2.63 -0.78 -0.24 2.36 0.47 0.41 1.27
-1.15 -1.89 -0.38 -3.84 3.47 2.24 -1.49 -3.58 -0.97 1.35 -3.82 2.5 -1.83 -0.15 -3.77 -4.06 -0.93 0.24 -1.17 -0.31 -0.24 2.55 -2.36
0.86 2.1 1.87 0.48 1.98 -1.03 0.09 1.91 1.58 -1.05 0.85 0.29 -0.88 -0.63 1.5 -0.53 -0.24 -0.56 -0.99 -0.87 -1.24 -0.7 -0.52
0.89 -1.05 0.13 -0.87 -1.75 1.43 0.53 -1.8 -1.43 -1.23 -0.18 -0.33 -1.59 -1.57 -0.94 0.75 1.16 -1.02 0.26 1.44 -0.91 -0.1 1.82
1.08 0.02 -0.74 0.92 2.57 1.06 -1.62 1.46 -1.33 0.08 1.15 2.99 2.06 -1.86 0.5 1.75 -1.17 -1.02 -0.38 -0.42 -0.41 1.53 -2.25
-1.01 -2.08 -0.62 -4.27 3.11 1.99 -1.69 -3.5 -1.02 0.82 -3.3 2.09 -1.82 -1.14 -3.87 -3.71 -1.65 1.14 -0.75 -0.57 -0.42 2.61 -2.17
1.66 -1.61 0.1 -0.4 -1.84 1.81 -0.42 -1.88 -1.63 -0.94 -1.41 0.42 -0.57 -1.66 -1.17 1.0 1.26 -0.64 0.09 2.12 0.35 -0.03 1.16
-1.81 -2.18 -0.64 -3.67 2.64 2.0 -2.06 -3.86 -0.92 1.01 -3.79 2.82 -1.4 -0.38 -3.64 -3.69 -1.8 -0.18 -0.85 -0.33 -0.02 2.83 -1.7
0.91 -1.41 0.91 -1.28 -1.07 1.57 -0.02 -1.28 -1.67 -2.0 -1.32 -0.47 -1.53 -1.31 -1.71 1.15 2.28 -0.36 0.87 1.65 -0.99 -0.58 1.97
1.21 -1.09 0.37 -1.6 -1.83 1.5 0.18 -1.02 -1.76 -2.37 -0.77 -1.12 -1.08 -1.93 -0.83 1.7 1.42 -0.97 0.95 1.34 -0.4 -0.4 2.0
0.62 2.01 1.76 1.01 2.02 -0.38 0.63 1.67 1.16 -1.42 0.84 -0.42 -0.9 -0.79 2.11 -0.49 0.48 -1.15 -1.57 -1.07 -2.37 0.2 -1.15
-1.63 -2.8 0.13 -4.18 3.42 2.08 -1.87 -3.07 -0.85 1.2 -4.21 1.88 -0.72 0.04 -5.03 -3.91 -2.11 0.4 -0.86 -0.43 0.13 4.32 -1.67
1.04 -0.73 0.48 -0.71 -1.94 1.92 -0.33 -1.68 -2.03 -2.48 -1.2 -1.09 -1.51 -1.28 -1.34 1.33 1.47 -0.92 0.54 0.89 -0.87 -0.29 1.42
1.25 -1.01 0.69 -1.04 -1.46 1.18 -0.39 -2.03 -1.92 -1.3 -0.04 -0.85 -2.08 -1.94 -0.99 0.84 1.3 -0.26 -0.14 1.33 -0.9 0.68 1.54
1.23 1.42 2.0 -1.2 0.49 -1.2 0.76 -0.68 -0.84 0.18 -0.58 -0.57 -0.41 -0.67 0.64 0.03 -0.06 1.44 -2.25 1.24 0.91 -1.74 0.83
-2.05 -2.17 0.5 -1.17 -1.39 1.52 -3.08 -2.45 -0.43 1.95 0.09 0.59 -0.03 1.78 -2.18 1.11 -0.88 0.54 1.72 1.0 -0.58 0.99 0.4
-1.55 -2.1 -0.27 -3.8 2.23 1.7 -1.71 -3.5 -0.29 0.78 -4.05 2.68 -2.65 -0.76 -4.09 -2.9 -2.47 0.75 -0.45 -0.47 -0.78 3.06 -1.71
0.17 -1.96 0.45 -0.9 -2.41 1.62 -1.19 -1.3 -1.68 -1.98 -0.78 -0.5 -1.64 -1.63 -1.49 1.2 2.72 -0.08 -0.06 0.59 -0.08 0.25 1.49
0.89 -2.23 0.3 -0.69 -1.23 1.8 -0.39 -1.89 -0.79 -2.08 -0.58 0.19 -1.17 -2.11 -1.99 1.58 2.17 -0.01 0.92 1.61 -0.43 -0.29 1.65
1.63 -1.81 0.2 -1.35 -2.1 1.43 0.4 -1.4 -0.91 -1.52 -0.38 -0.94 -1.88 -1.77 -1.32 0.4 1.88 -0.06 0.59 2.02 -0.04 0.13 1.94
0.77 -2.27 0.87 -0.77 -0.87 1.99 -0.58 -1.16 -1.02 -2.04 -0.66 -0.15 -1.5 -1.99 -1.69 1.8 2.15 0.27 0.2 1.32 -1.19 0.45 2.22
-0.29 0.16 -0.44 0.88 0.67 1.74 -2.21 -2.18 -0.26 -0.94 0.21 0.53 -0.53 1.63 0.21 -2.39 0.84 -0.84 -1.6 1.39 -0.25 -0.86 -0.55
-1.43 -2.54 0.52 -1.01 -1.32 1.54 -2.25 -2.08 -0.29 1.65 0.3 0.42 -0.16 1.56 -2.17 1.25 -1.32 0.33 2.22 -0.07 -0.94 1.84 0.41
0.81 -1.08 0.13 -1.55 -1.49 1.08 0.6 -1.15 -1.23 -1.22 -0.83 -0.25 -2.17 -2.12 -1.66 0.71 1.49 -0.21 0.97 1.63 -0.76 0.72 2.63
1.64 -1.35 0.18 -0.94 -1.66 1.75 -1.15 -1.98 -1.19 -1.07 -1.62 0.22 -0.63 -1.85 -0.65 1.04 1.43 -1.03 0.06 1.5 -0.23 0.6 1.31
1.75 0.01 1.06 -1.09 -2.04 -1.61 1.58 0.48 0.88 1.27 -0.54 -1.12 1.56 0.08 0.7 0.13 0.75 1.34 0.47 -0.35 -1.87 0.22 1.04
-1.23 -2.67 -0.22 -4.27 2.72 2.28 -1.23 -3.1 -0.79 1.81 -4.37 1.24 -0.88 -0.1 -5.38 -3.9 -1.45 0.94 -0.93 0.22 1.11 4.14 -1.52
0.83 -0.56 0.17 -0.62 -1.02 2.12 0.23 -1.65 -1.43 -1.27 -0.54 -0.87 -1.38 -2.31 -1.4 0.5 1.69 -0.56 0.51 1.63 -0.34 0.33 1.18
2.02 -0.48 1.07 -0.53 -1.79 -1.68 1.78 0.16 0.83 0.63 -0.53 -1.4 2.05 -0.03 0.76 0.77 1.36 1.79 0.26 0.2 -1.12 -0.1 1.4
-1.12 0.47 0.55 -1.26 -1.18 -2.42 0.83 0.68 -0.53 -0.31 0.33 -1.83 -0.01 -0.66 0.28 -1.31 0.93 -1.77 -0.85 1.58 -0.37 -1.79 -1.06
1.24 -1.89 0.51 -1.25 -1.73 1.27 0.07 -1.11 -1.05 -1.55 -0.29 -0.12 -1.93 -2.08 -1.9 1.09 1.64 -0.74 0.38 1.88 -0.14 0.87 1.95
0.56 1.48 2.19 0.84 1.31 -0.06 0.25 1.89 0.92 -0.76 1.02 0.72 0.54 -1.75 1.81 -0.29 0.28 -0.93 -1.02 -0.42 -0.82 -1.57 -0.46
-0.73 0.8 0.72 0.8 -0.27 1.94 -1.62 0.46 -2.28 1.95 1.34 0.72 1.96 -1.42 1.44 -1.1 0.99 -1.26 -0.05 -0.19 -0.97 0.7 -0.46
1.41 -2.27 1.04 -0.81 -1.56 1.95 -0.9 -1.63 -1.06 -1.55 -0.41 0.19 -1.04 -1.7 -1.65 1.05 2.04 -0.48 0.87 1.01 -1.07 0.12 1.68
-1.6 -2.37 -0.43 -4.85 3.45 1.74 -1.33 -3.56 -0.59 1.44 -4.11 1.9 -2.18 -0.65 -4.07 -3.67 -1.64 0.31 -1.92 -0.74 -0.22 2.88 -2.04
-0.03 0.17 -1.09 0.54 -1.41 -0.93 -0.89 -1.42 -1.87 0.42 -0.02 1.56 1.07 0.54 -1.0 -2.38 -2.28 0.34 0.77 -0.23 -1.18 -0.44 -0.39
